5 8 9 3 1 2 7 4 6
3 1 2 7 4 6 5 8 9
7 4 6 5 8 9 3 1 2
8 9 5 1 2 3 4 6 7
1 2 3 4 6 7 8 9 5
4 6 7 8 9 5 1 2 3
9 5 8 2 3 1 6 7 4
2 3 1 6 7 4 9 5 8
6 7 4 9 5 8 2 3 1

5 8 9 3 1 2 7 4 6
3 1 2 7 4 6 5 8 9
7 4 6 5 8 9 3 1 2
8 9 5 1 2 3 4 6 7
1 2 3 4 6 7 8 9 5
4 6 7 8 9 5 1 2 3
9 5 8 2 3 1 6 7 4
6 7 4 9 5 8 2 3 1
2 3 1 6 7 4 9 5 8

5 8 9 3 1 2 7 4 6
3 1 2 7 4 6 5 8 9
7 4 6 5 8 9 3 1 2
8 9 5 1 2 3 4 6 7
1 2 3 4 6 7 8 9 5
4 6 7 8 9 5 1 2 3
2 3 1 6 7 4 9 5 8
9 5 8 2 3 1 6 7 4
6 7 4 9 5 8 2 3 1

5 8 9 3 1 2 7 4 6
3 1 2 7 4 6 5 8 9
7 4 6 5 8 9 3 1 2
8 9 5 1 2 3 4 6 7
1 2 3 4 6 7 8 9 5
4 6 7 8 9 5 1 2 3
2 3 1 6 7 4 9 5 8
6 7 4 9 5 8 2 3 1
9 5 8 2 3 1 6 7 4

5 8 9 3 1 2 7 4 6
3 1 2 7 4 6 5 8 9
7 4 6 5 8 9 3 1 2
8 9 5 1 2 3 4 6 7
1 2 3 4 6 7 8 9 5
4 6 7 8 9 5 1 2 3
6 7 4 9 5 8 2 3 1
9 5 8 2 3 1 6 7 4
2 3 1 6 7 4 9 5 8

5 8 9 3 1 2 7 4 6
3 1 2 7 4 6 5 8 9
7 4 6 5 8 9 3 1 2
8 9 5 1 2 3 4 6 7
1 2 3 4 6 7 8 9 5
4 6 7 8 9 5 1 2 3
6 7 4 9 5 8 2 3 1
2 3 1 6 7 4 9 5 8
9 5 8 2 3 1 6 7 4

5 8 9 3 1 2 7 4 6
3 1 2 7 4 6 5 8 9
7 4 6 5 8 9 3 1 2
8 9 5 1 2 3 4 6 7
4 6 7 8 9 5 1 2 3
1 2 3 4 6 7 8 9 5
9 5 8 2 3 1 6 7 4
2 3 1 6 7 4 9 5 8
6 7 4 9 5 8 2 3 1

5 8 9 3 1 2 7 4 6
3 1 2 7 4 6 5 8 9
7 4 6 5 8 9 3 1 2
8 9 5 1 2 3 4 6 7
4 6 7 8 9 5 1 2 3
1 2 3 4 6 7 8 9 5
9 5 8 2 3 1 6 7 4
6 7 4 9 5 8 2 3 1
2 3 1 6 7 4 9 5 8

5 8 9 3 1 2 7 4 6
3 1 2 7 4 6 5 8 9
7 4 6 5 8 9 3 1 2
8 9 5 1 2 3 4 6 7
4 6 7 8 9 5 1 2 3
1 2 3 4 6 7 8 9 5
2 3 1 6 7 4 9 5 8
9 5 8 2 3 1 6 7 4
6 7 4 9 5 8 2 3 1

5 8 9 3 1 2 7 4 6
3 1 2 7 4 6 5 8 9
7 4 6 5 8 9 3 1 2
8 9 5 1 2 3 4 6 7
4 6 7 8 9 5 1 2 3
1 2 3 4 6 7 8 9 5
2 3 1 6 7 4 9 5 8
6 7 4 9 5 8 2 3 1
9 5 8 2 3 1 6 7 4

5 8 9 3 1 2 7 4 6
3 1 2 7 4 6 5 8 9
7 4 6 5 8 9 3 1 2
8 9 5 1 2 3 4 6 7
4 6 7 8 9 5 1 2 3
1 2 3 4 6 7 8 9 5
6 7 4 9 5 8 2 3 1
9 5 8 2 3 1 6 7 4
2 3 1 6 7 4 9 5 8

5 8 9 3 1 2 7 4 6
3 1 2 7 4 6 5 8 9
7 4 6 5 8 9 3 1 2
8 9 5 1 2 3 4 6 7
4 6 7 8 9 5 1 2 3
1 2 3 4 6 7 8 9 5
6 7 4 9 5 8 2 3 1
2 3 1 6 7 4 9 5 8
9 5 8 2 3 1 6 7 4

5 8 9 3 1 2 7 4 6
3 1 2 7 4 6 5 8 9
7 4 6 5 8 9 3 1 2
1 2 3 4 6 7 8 9 5
8 9 5 1 2 3 4 6 7
4 6 7 8 9 5 1 2 3
9 5 8 2 3 1 6 7 4
2 3 1 6 7 4 9 5 8
6 7 4 9 5 8 2 3 1

5 8 9 3 1 2 7 4 6
3 1 2 7 4 6 5 8 9
7 4 6 5 8 9 3 1 2
1 2 3 4 6 7 8 9 5
8 9 5 1 2 3 4 6 7
4 6 7 8 9 5 1 2 3
9 5 8 2 3 1 6 7 4
6 7 4 9 5 8 2 3 1
2 3 1 6 7 4 9 5 8

5 8 9 3 1 2 7 4 6
3 1 2 7 4 6 5 8 9
7 4 6 5 8 9 3 1 2
1 2 3 4 6 7 8 9 5
8 9 5 1 2 3 4 6 7
4 6 7 8 9 5 1 2 3
2 3 1 6 7 4 9 5 8
9 5 8 2 3 1 6 7 4
6 7 4 9 5 8 2 3 1

5 8 9 3 1 2 7 4 6
3 1 2 7 4 6 5 8 9
7 4 6 5 8 9 3 1 2
1 2 3 4 6 7 8 9 5
8 9 5 1 2 3 4 6 7
4 6 7 8 9 5 1 2 3
2 3 1 6 7 4 9 5 8
6 7 4 9 5 8 2 3 1
9 5 8 2 3 1 6 7 4

5 8 9 3 1 2 7 4 6
3 1 2 7 4 6 5 8 9
7 4 6 5 8 9 3 1 2
1 2 3 4 6 7 8 9 5
8 9 5 1 2 3 4 6 7
4 6 7 8 9 5 1 2 3
6 7 4 9 5 8 2 3 1
9 5 8 2 3 1 6 7 4
2 3 1 6 7 4 9 5 8

5 8 9 3 1 2 7 4 6
3 1 2 7 4 6 5 8 9
7 4 6 5 8 9 3 1 2
1 2 3 4 6 7 8 9 5
8 9 5 1 2 3 4 6 7
4 6 7 8 9 5 1 2 3
6 7 4 9 5 8 2 3 1
2 3 1 6 7 4 9 5 8
9 5 8 2 3 1 6 7 4

5 8 9 3 1 2 7 4 6
3 1 2 7 4 6 5 8 9
7 4 6 5 8 9 3 1 2
1 2 3 4 6 7 8 9 5
4 6 7 8 9 5 1 2 3
8 9 5 1 2 3 4 6 7
9 5 8 2 3 1 6 7 4
2 3 1 6 7 4 9 5 8
6 7 4 9 5 8 2 3 1

5 8 9 3 1 2 7 4 6
3 1 2 7 4 6 5 8 9
7 4 6 5 8 9 3 1 2
1 2 3 4 6 7 8 9 5
4 6 7 8 9 5 1 2 3
8 9 5 1 2 3 4 6 7
9 5 8 2 3 1 6 7 4
6 7 4 9 5 8 2 3 1
2 3 1 6 7 4 9 5 8

5 8 9 3 1 2 7 4 6
3 1 2 7 4 6 5 8 9
7 4 6 5 8 9 3 1 2
1 2 3 4 6 7 8 9 5
4 6 7 8 9 5 1 2 3
8 9 5 1 2 3 4 6 7
2 3 1 6 7 4 9 5 8
9 5 8 2 3 1 6 7 4
6 7 4 9 5 8 2 3 1

5 8 9 3 1 2 7 4 6
3 1 2 7 4 6 5 8 9
7 4 6 5 8 9 3 1 2
1 2 3 4 6 7 8 9 5
4 6 7 8 9 5 1 2 3
8 9 5 1 2 3 4 6 7
2 3 1 6 7 4 9 5 8
6 7 4 9 5 8 2 3 1
9 5 8 2 3 1 6 7 4

5 8 9 3 1 2 7 4 6
3 1 2 7 4 6 5 8 9
7 4 6 5 8 9 3 1 2
1 2 3 4 6 7 8 9 5
4 6 7 8 9 5 1 2 3
8 9 5 1 2 3 4 6 7
6 7 4 9 5 8 2 3 1
9 5 8 2 3 1 6 7 4
2 3 1 6 7 4 9 5 8

5 8 9 3 1 2 7 4 6
3 1 2 7 4 6 5 8 9
7 4 6 5 8 9 3 1 2
1 2 3 4 6 7 8 9 5
4 6 7 8 9 5 1 2 3
8 9 5 1 2 3 4 6 7
6 7 4 9 5 8 2 3 1
2 3 1 6 7 4 9 5 8
9 5 8 2 3 1 6 7 4

5 8 9 3 1 2 7 4 6
3 1 2 7 4 6 5 8 9
7 4 6 5 8 9 3 1 2
4 6 7 8 9 5 1 2 3
8 9 5 1 2 3 4 6 7
1 2 3 4 6 7 8 9 5
9 5 8 2 3 1 6 7 4
2 3 1 6 7 4 9 5 8
6 7 4 9 5 8 2 3 1

5 8 9 3 1 2 7 4 6
3 1 2 7 4 6 5 8 9
7 4 6 5 8 9 3 1 2
4 6 7 8 9 5 1 2 3
8 9 5 1 2 3 4 6 7
1 2 3 4 6 7 8 9 5
9 5 8 2 3 1 6 7 4
6 7 4 9 5 8 2 3 1
2 3 1 6 7 4 9 5 8

5 8 9 3 1 2 7 4 6
3 1 2 7 4 6 5 8 9
7 4 6 5 8 9 3 1 2
4 6 7 8 9 5 1 2 3
8 9 5 1 2 3 4 6 7
1 2 3 4 6 7 8 9 5
2 3 1 6 7 4 9 5 8
9 5 8 2 3 1 6 7 4
6 7 4 9 5 8 2 3 1

5 8 9 3 1 2 7 4 6
3 1 2 7 4 6 5 8 9
7 4 6 5 8 9 3 1 2
4 6 7 8 9 5 1 2 3
8 9 5 1 2 3 4 6 7
1 2 3 4 6 7 8 9 5
2 3 1 6 7 4 9 5 8
6 7 4 9 5 8 2 3 1
9 5 8 2 3 1 6 7 4

5 8 9 3 1 2 7 4 6
3 1 2 7 4 6 5 8 9
7 4 6 5 8 9 3 1 2
4 6 7 8 9 5 1 2 3
8 9 5 1 2 3 4 6 7
1 2 3 4 6 7 8 9 5
6 7 4 9 5 8 2 3 1
9 5 8 2 3 1 6 7 4
2 3 1 6 7 4 9 5 8

5 8 9 3 1 2 7 4 6
3 1 2 7 4 6 5 8 9
7 4 6 5 8 9 3 1 2
4 6 7 8 9 5 1 2 3
8 9 5 1 2 3 4 6 7
1 2 3 4 6 7 8 9 5
6 7 4 9 5 8 2 3 1
2 3 1 6 7 4 9 5 8
9 5 8 2 3 1 6 7 4

5 8 9 3 1 2 7 4 6
3 1 2 7 4 6 5 8 9
7 4 6 5 8 9 3 1 2
4 6 7 8 9 5 1 2 3
1 2 3 4 6 7 8 9 5
8 9 5 1 2 3 4 6 7
9 5 8 2 3 1 6 7 4
2 3 1 6 7 4 9 5 8
6 7 4 9 5 8 2 3 1

5 8 9 3 1 2 7 4 6
3 1 2 7 4 6 5 8 9
7 4 6 5 8 9 3 1 2
4 6 7 8 9 5 1 2 3
1 2 3 4 6 7 8 9 5
8 9 5 1 2 3 4 6 7
9 5 8 2 3 1 6 7 4
6 7 4 9 5 8 2 3 1
2 3 1 6 7 4 9 5 8

5 8 9 3 1 2 7 4 6
3 1 2 7 4 6 5 8 9
7 4 6 5 8 9 3 1 2
4 6 7 8 9 5 1 2 3
1 2 3 4 6 7 8 9 5
8 9 5 1 2 3 4 6 7
2 3 1 6 7 4 9 5 8
9 5 8 2 3 1 6 7 4
6 7 4 9 5 8 2 3 1

5 8 9 3 1 2 7 4 6
3 1 2 7 4 6 5 8 9
7 4 6 5 8 9 3 1 2
4 6 7 8 9 5 1 2 3
1 2 3 4 6 7 8 9 5
8 9 5 1 2 3 4 6 7
2 3 1 6 7 4 9 5 8
6 7 4 9 5 8 2 3 1
9 5 8 2 3 1 6 7 4

5 8 9 3 1 2 7 4 6
3 1 2 7 4 6 5 8 9
7 4 6 5 8 9 3 1 2
4 6 7 8 9 5 1 2 3
1 2 3 4 6 7 8 9 5
8 9 5 1 2 3 4 6 7
6 7 4 9 5 8 2 3 1
9 5 8 2 3 1 6 7 4
2 3 1 6 7 4 9 5 8

5 8 9 3 1 2 7 4 6
3 1 2 7 4 6 5 8 9
7 4 6 5 8 9 3 1 2
4 6 7 8 9 5 1 2 3
1 2 3 4 6 7 8 9 5
8 9 5 1 2 3 4 6 7
6 7 4 9 5 8 2 3 1
2 3 1 6 7 4 9 5 8
9 5 8 2 3 1 6 7 4

5 8 9 3 1 2 7 4 6
7 4 6 5 8 9 3 1 2
3 1 2 7 4 6 5 8 9
8 9 5 1 2 3 4 6 7
1 2 3 4 6 7 8 9 5
4 6 7 8 9 5 1 2 3
9 5 8 2 3 1 6 7 4
2 3 1 6 7 4 9 5 8
6 7 4 9 5 8 2 3 1

5 8 9 3 1 2 7 4 6
7 4 6 5 8 9 3 1 2
3 1 2 7 4 6 5 8 9
8 9 5 1 2 3 4 6 7
1 2 3 4 6 7 8 9 5
4 6 7 8 9 5 1 2 3
9 5 8 2 3 1 6 7 4
6 7 4 9 5 8 2 3 1
2 3 1 6 7 4 9 5 8

5 8 9 3 1 2 7 4 6
7 4 6 5 8 9 3 1 2
3 1 2 7 4 6 5 8 9
8 9 5 1 2 3 4 6 7
1 2 3 4 6 7 8 9 5
4 6 7 8 9 5 1 2 3
2 3 1 6 7 4 9 5 8
9 5 8 2 3 1 6 7 4
6 7 4 9 5 8 2 3 1

5 8 9 3 1 2 7 4 6
7 4 6 5 8 9 3 1 2
3 1 2 7 4 6 5 8 9
8 9 5 1 2 3 4 6 7
1 2 3 4 6 7 8 9 5
4 6 7 8 9 5 1 2 3
2 3 1 6 7 4 9 5 8
6 7 4 9 5 8 2 3 1
9 5 8 2 3 1 6 7 4

5 8 9 3 1 2 7 4 6
7 4 6 5 8 9 3 1 2
3 1 2 7 4 6 5 8 9
8 9 5 1 2 3 4 6 7
1 2 3 4 6 7 8 9 5
4 6 7 8 9 5 1 2 3
6 7 4 9 5 8 2 3 1
9 5 8 2 3 1 6 7 4
2 3 1 6 7 4 9 5 8

5 8 9 3 1 2 7 4 6
7 4 6 5 8 9 3 1 2
3 1 2 7 4 6 5 8 9
8 9 5 1 2 3 4 6 7
1 2 3 4 6 7 8 9 5
4 6 7 8 9 5 1 2 3
6 7 4 9 5 8 2 3 1
2 3 1 6 7 4 9 5 8
9 5 8 2 3 1 6 7 4

5 8 9 3 1 2 7 4 6
7 4 6 5 8 9 3 1 2
3 1 2 7 4 6 5 8 9
8 9 5 1 2 3 4 6 7
4 6 7 8 9 5 1 2 3
1 2 3 4 6 7 8 9 5
9 5 8 2 3 1 6 7 4
2 3 1 6 7 4 9 5 8
6 7 4 9 5 8 2 3 1

5 8 9 3 1 2 7 4 6
7 4 6 5 8 9 3 1 2
3 1 2 7 4 6 5 8 9
8 9 5 1 2 3 4 6 7
4 6 7 8 9 5 1 2 3
1 2 3 4 6 7 8 9 5
9 5 8 2 3 1 6 7 4
6 7 4 9 5 8 2 3 1
2 3 1 6 7 4 9 5 8

5 8 9 3 1 2 7 4 6
7 4 6 5 8 9 3 1 2
3 1 2 7 4 6 5 8 9
8 9 5 1 2 3 4 6 7
4 6 7 8 9 5 1 2 3
1 2 3 4 6 7 8 9 5
2 3 1 6 7 4 9 5 8
9 5 8 2 3 1 6 7 4
6 7 4 9 5 8 2 3 1

5 8 9 3 1 2 7 4 6
7 4 6 5 8 9 3 1 2
3 1 2 7 4 6 5 8 9
8 9 5 1 2 3 4 6 7
4 6 7 8 9 5 1 2 3
1 2 3 4 6 7 8 9 5
2 3 1 6 7 4 9 5 8
6 7 4 9 5 8 2 3 1
9 5 8 2 3 1 6 7 4

5 8 9 3 1 2 7 4 6
7 4 6 5 8 9 3 1 2
3 1 2 7 4 6 5 8 9
8 9 5 1 2 3 4 6 7
4 6 7 8 9 5 1 2 3
1 2 3 4 6 7 8 9 5
6 7 4 9 5 8 2 3 1
9 5 8 2 3 1 6 7 4
2 3 1 6 7 4 9 5 8

5 8 9 3 1 2 7 4 6
7 4 6 5 8 9 3 1 2
3 1 2 7 4 6 5 8 9
8 9 5 1 2 3 4 6 7
4 6 7 8 9 5 1 2 3
1 2 3 4 6 7 8 9 5
6 7 4 9 5 8 2 3 1
2 3 1 6 7 4 9 5 8
9 5 8 2 3 1 6 7 4

5 8 9 3 1 2 7 4 6
7 4 6 5 8 9 3 1 2
3 1 2 7 4 6 5 8 9
1 2 3 4 6 7 8 9 5
8 9 5 1 2 3 4 6 7
4 6 7 8 9 5 1 2 3
9 5 8 2 3 1 6 7 4
2 3 1 6 7 4 9 5 8
6 7 4 9 5 8 2 3 1

5 8 9 3 1 2 7 4 6
7 4 6 5 8 9 3 1 2
3 1 2 7 4 6 5 8 9
1 2 3 4 6 7 8 9 5
8 9 5 1 2 3 4 6 7
4 6 7 8 9 5 1 2 3
9 5 8 2 3 1 6 7 4
6 7 4 9 5 8 2 3 1
2 3 1 6 7 4 9 5 8

5 8 9 3 1 2 7 4 6
7 4 6 5 8 9 3 1 2
3 1 2 7 4 6 5 8 9
1 2 3 4 6 7 8 9 5
8 9 5 1 2 3 4 6 7
4 6 7 8 9 5 1 2 3
2 3 1 6 7 4 9 5 8
9 5 8 2 3 1 6 7 4
6 7 4 9 5 8 2 3 1

5 8 9 3 1 2 7 4 6
7 4 6 5 8 9 3 1 2
3 1 2 7 4 6 5 8 9
1 2 3 4 6 7 8 9 5
8 9 5 1 2 3 4 6 7
4 6 7 8 9 5 1 2 3
2 3 1 6 7 4 9 5 8
6 7 4 9 5 8 2 3 1
9 5 8 2 3 1 6 7 4

5 8 9 3 1 2 7 4 6
7 4 6 5 8 9 3 1 2
3 1 2 7 4 6 5 8 9
1 2 3 4 6 7 8 9 5
8 9 5 1 2 3 4 6 7
4 6 7 8 9 5 1 2 3
6 7 4 9 5 8 2 3 1
9 5 8 2 3 1 6 7 4
2 3 1 6 7 4 9 5 8

5 8 9 3 1 2 7 4 6
7 4 6 5 8 9 3 1 2
3 1 2 7 4 6 5 8 9
1 2 3 4 6 7 8 9 5
8 9 5 1 2 3 4 6 7
4 6 7 8 9 5 1 2 3
6 7 4 9 5 8 2 3 1
2 3 1 6 7 4 9 5 8
9 5 8 2 3 1 6 7 4

5 8 9 3 1 2 7 4 6
7 4 6 5 8 9 3 1 2
3 1 2 7 4 6 5 8 9
1 2 3 4 6 7 8 9 5
4 6 7 8 9 5 1 2 3
8 9 5 1 2 3 4 6 7
9 5 8 2 3 1 6 7 4
2 3 1 6 7 4 9 5 8
6 7 4 9 5 8 2 3 1

5 8 9 3 1 2 7 4 6
7 4 6 5 8 9 3 1 2
3 1 2 7 4 6 5 8 9
1 2 3 4 6 7 8 9 5
4 6 7 8 9 5 1 2 3
8 9 5 1 2 3 4 6 7
9 5 8 2 3 1 6 7 4
6 7 4 9 5 8 2 3 1
2 3 1 6 7 4 9 5 8

5 8 9 3 1 2 7 4 6
7 4 6 5 8 9 3 1 2
3 1 2 7 4 6 5 8 9
1 2 3 4 6 7 8 9 5
4 6 7 8 9 5 1 2 3
8 9 5 1 2 3 4 6 7
2 3 1 6 7 4 9 5 8
9 5 8 2 3 1 6 7 4
6 7 4 9 5 8 2 3 1

5 8 9 3 1 2 7 4 6
7 4 6 5 8 9 3 1 2
3 1 2 7 4 6 5 8 9
1 2 3 4 6 7 8 9 5
4 6 7 8 9 5 1 2 3
8 9 5 1 2 3 4 6 7
2 3 1 6 7 4 9 5 8
6 7 4 9 5 8 2 3 1
9 5 8 2 3 1 6 7 4

5 8 9 3 1 2 7 4 6
7 4 6 5 8 9 3 1 2
3 1 2 7 4 6 5 8 9
1 2 3 4 6 7 8 9 5
4 6 7 8 9 5 1 2 3
8 9 5 1 2 3 4 6 7
6 7 4 9 5 8 2 3 1
9 5 8 2 3 1 6 7 4
2 3 1 6 7 4 9 5 8

5 8 9 3 1 2 7 4 6
7 4 6 5 8 9 3 1 2
3 1 2 7 4 6 5 8 9
1 2 3 4 6 7 8 9 5
4 6 7 8 9 5 1 2 3
8 9 5 1 2 3 4 6 7
6 7 4 9 5 8 2 3 1
2 3 1 6 7 4 9 5 8
9 5 8 2 3 1 6 7 4

5 8 9 3 1 2 7 4 6
7 4 6 5 8 9 3 1 2
3 1 2 7 4 6 5 8 9
4 6 7 8 9 5 1 2 3
8 9 5 1 2 3 4 6 7
1 2 3 4 6 7 8 9 5
9 5 8 2 3 1 6 7 4
2 3 1 6 7 4 9 5 8
6 7 4 9 5 8 2 3 1

5 8 9 3 1 2 7 4 6
7 4 6 5 8 9 3 1 2
3 1 2 7 4 6 5 8 9
4 6 7 8 9 5 1 2 3
8 9 5 1 2 3 4 6 7
1 2 3 4 6 7 8 9 5
9 5 8 2 3 1 6 7 4
6 7 4 9 5 8 2 3 1
2 3 1 6 7 4 9 5 8

5 8 9 3 1 2 7 4 6
7 4 6 5 8 9 3 1 2
3 1 2 7 4 6 5 8 9
4 6 7 8 9 5 1 2 3
8 9 5 1 2 3 4 6 7
1 2 3 4 6 7 8 9 5
2 3 1 6 7 4 9 5 8
9 5 8 2 3 1 6 7 4
6 7 4 9 5 8 2 3 1

5 8 9 3 1 2 7 4 6
7 4 6 5 8 9 3 1 2
3 1 2 7 4 6 5 8 9
4 6 7 8 9 5 1 2 3
8 9 5 1 2 3 4 6 7
1 2 3 4 6 7 8 9 5
2 3 1 6 7 4 9 5 8
6 7 4 9 5 8 2 3 1
9 5 8 2 3 1 6 7 4

5 8 9 3 1 2 7 4 6
7 4 6 5 8 9 3 1 2
3 1 2 7 4 6 5 8 9
4 6 7 8 9 5 1 2 3
8 9 5 1 2 3 4 6 7
1 2 3 4 6 7 8 9 5
6 7 4 9 5 8 2 3 1
9 5 8 2 3 1 6 7 4
2 3 1 6 7 4 9 5 8

5 8 9 3 1 2 7 4 6
7 4 6 5 8 9 3 1 2
3 1 2 7 4 6 5 8 9
4 6 7 8 9 5 1 2 3
8 9 5 1 2 3 4 6 7
1 2 3 4 6 7 8 9 5
6 7 4 9 5 8 2 3 1
2 3 1 6 7 4 9 5 8
9 5 8 2 3 1 6 7 4

5 8 9 3 1 2 7 4 6
7 4 6 5 8 9 3 1 2
3 1 2 7 4 6 5 8 9
4 6 7 8 9 5 1 2 3
1 2 3 4 6 7 8 9 5
8 9 5 1 2 3 4 6 7
9 5 8 2 3 1 6 7 4
2 3 1 6 7 4 9 5 8
6 7 4 9 5 8 2 3 1

5 8 9 3 1 2 7 4 6
7 4 6 5 8 9 3 1 2
3 1 2 7 4 6 5 8 9
4 6 7 8 9 5 1 2 3
1 2 3 4 6 7 8 9 5
8 9 5 1 2 3 4 6 7
9 5 8 2 3 1 6 7 4
6 7 4 9 5 8 2 3 1
2 3 1 6 7 4 9 5 8

5 8 9 3 1 2 7 4 6
7 4 6 5 8 9 3 1 2
3 1 2 7 4 6 5 8 9
4 6 7 8 9 5 1 2 3
1 2 3 4 6 7 8 9 5
8 9 5 1 2 3 4 6 7
2 3 1 6 7 4 9 5 8
9 5 8 2 3 1 6 7 4
6 7 4 9 5 8 2 3 1

5 8 9 3 1 2 7 4 6
7 4 6 5 8 9 3 1 2
3 1 2 7 4 6 5 8 9
4 6 7 8 9 5 1 2 3
1 2 3 4 6 7 8 9 5
8 9 5 1 2 3 4 6 7
2 3 1 6 7 4 9 5 8
6 7 4 9 5 8 2 3 1
9 5 8 2 3 1 6 7 4

5 8 9 3 1 2 7 4 6
7 4 6 5 8 9 3 1 2
3 1 2 7 4 6 5 8 9
4 6 7 8 9 5 1 2 3
1 2 3 4 6 7 8 9 5
8 9 5 1 2 3 4 6 7
6 7 4 9 5 8 2 3 1
9 5 8 2 3 1 6 7 4
2 3 1 6 7 4 9 5 8

5 8 9 3 1 2 7 4 6
7 4 6 5 8 9 3 1 2
3 1 2 7 4 6 5 8 9
4 6 7 8 9 5 1 2 3
1 2 3 4 6 7 8 9 5
8 9 5 1 2 3 4 6 7
6 7 4 9 5 8 2 3 1
2 3 1 6 7 4 9 5 8
9 5 8 2 3 1 6 7 4

5 8 9 3 1 2 7 6 4
3 1 2 7 4 6 5 9 8
7 4 6 5 8 9 3 2 1
8 9 5 1 2 3 4 7 6
1 2 3 4 6 7 8 5 9
4 6 7 8 9 5 1 3 2
9 5 8 2 3 1 6 4 7
2 3 1 6 7 4 9 8 5
6 7 4 9 5 8 2 1 3

5 8 9 3 1 2 7 6 4
3 1 2 7 4 6 5 9 8
7 4 6 5 8 9 3 2 1
8 9 5 1 2 3 4 7 6
1 2 3 4 6 7 8 5 9
4 6 7 8 9 5 1 3 2
9 5 8 2 3 1 6 4 7
6 7 4 9 5 8 2 1 3
2 3 1 6 7 4 9 8 5

5 8 9 3 1 2 7 6 4
3 1 2 7 4 6 5 9 8
7 4 6 5 8 9 3 2 1
8 9 5 1 2 3 4 7 6
1 2 3 4 6 7 8 5 9
4 6 7 8 9 5 1 3 2
2 3 1 6 7 4 9 8 5
9 5 8 2 3 1 6 4 7
6 7 4 9 5 8 2 1 3

5 8 9 3 1 2 7 6 4
3 1 2 7 4 6 5 9 8
7 4 6 5 8 9 3 2 1
8 9 5 1 2 3 4 7 6
1 2 3 4 6 7 8 5 9
4 6 7 8 9 5 1 3 2
2 3 1 6 7 4 9 8 5
6 7 4 9 5 8 2 1 3
9 5 8 2 3 1 6 4 7

5 8 9 3 1 2 7 6 4
3 1 2 7 4 6 5 9 8
7 4 6 5 8 9 3 2 1
8 9 5 1 2 3 4 7 6
1 2 3 4 6 7 8 5 9
4 6 7 8 9 5 1 3 2
6 7 4 9 5 8 2 1 3
9 5 8 2 3 1 6 4 7
2 3 1 6 7 4 9 8 5

5 8 9 3 1 2 7 6 4
3 1 2 7 4 6 5 9 8
7 4 6 5 8 9 3 2 1
8 9 5 1 2 3 4 7 6
1 2 3 4 6 7 8 5 9
4 6 7 8 9 5 1 3 2
6 7 4 9 5 8 2 1 3
2 3 1 6 7 4 9 8 5
9 5 8 2 3 1 6 4 7

5 8 9 3 1 2 7 6 4
3 1 2 7 4 6 5 9 8
7 4 6 5 8 9 3 2 1
8 9 5 1 2 3 4 7 6
4 6 7 8 9 5 1 3 2
1 2 3 4 6 7 8 5 9
9 5 8 2 3 1 6 4 7
2 3 1 6 7 4 9 8 5
6 7 4 9 5 8 2 1 3

5 8 9 3 1 2 7 6 4
3 1 2 7 4 6 5 9 8
7 4 6 5 8 9 3 2 1
8 9 5 1 2 3 4 7 6
4 6 7 8 9 5 1 3 2
1 2 3 4 6 7 8 5 9
9 5 8 2 3 1 6 4 7
6 7 4 9 5 8 2 1 3
2 3 1 6 7 4 9 8 5

5 8 9 3 1 2 7 6 4
3 1 2 7 4 6 5 9 8
7 4 6 5 8 9 3 2 1
8 9 5 1 2 3 4 7 6
4 6 7 8 9 5 1 3 2
1 2 3 4 6 7 8 5 9
2 3 1 6 7 4 9 8 5
9 5 8 2 3 1 6 4 7
6 7 4 9 5 8 2 1 3

5 8 9 3 1 2 7 6 4
3 1 2 7 4 6 5 9 8
7 4 6 5 8 9 3 2 1
8 9 5 1 2 3 4 7 6
4 6 7 8 9 5 1 3 2
1 2 3 4 6 7 8 5 9
2 3 1 6 7 4 9 8 5
6 7 4 9 5 8 2 1 3
9 5 8 2 3 1 6 4 7

5 8 9 3 1 2 7 6 4
3 1 2 7 4 6 5 9 8
7 4 6 5 8 9 3 2 1
8 9 5 1 2 3 4 7 6
4 6 7 8 9 5 1 3 2
1 2 3 4 6 7 8 5 9
6 7 4 9 5 8 2 1 3
9 5 8 2 3 1 6 4 7
2 3 1 6 7 4 9 8 5

5 8 9 3 1 2 7 6 4
3 1 2 7 4 6 5 9 8
7 4 6 5 8 9 3 2 1
8 9 5 1 2 3 4 7 6
4 6 7 8 9 5 1 3 2
1 2 3 4 6 7 8 5 9
6 7 4 9 5 8 2 1 3
2 3 1 6 7 4 9 8 5
9 5 8 2 3 1 6 4 7

5 8 9 3 1 2 7 6 4
3 1 2 7 4 6 5 9 8
7 4 6 5 8 9 3 2 1
1 2 3 4 6 7 8 5 9
8 9 5 1 2 3 4 7 6
4 6 7 8 9 5 1 3 2
9 5 8 2 3 1 6 4 7
2 3 1 6 7 4 9 8 5
6 7 4 9 5 8 2 1 3

5 8 9 3 1 2 7 6 4
3 1 2 7 4 6 5 9 8
7 4 6 5 8 9 3 2 1
1 2 3 4 6 7 8 5 9
8 9 5 1 2 3 4 7 6
4 6 7 8 9 5 1 3 2
9 5 8 2 3 1 6 4 7
6 7 4 9 5 8 2 1 3
2 3 1 6 7 4 9 8 5

5 8 9 3 1 2 7 6 4
3 1 2 7 4 6 5 9 8
7 4 6 5 8 9 3 2 1
1 2 3 4 6 7 8 5 9
8 9 5 1 2 3 4 7 6
4 6 7 8 9 5 1 3 2
2 3 1 6 7 4 9 8 5
9 5 8 2 3 1 6 4 7
6 7 4 9 5 8 2 1 3

5 8 9 3 1 2 7 6 4
3 1 2 7 4 6 5 9 8
7 4 6 5 8 9 3 2 1
1 2 3 4 6 7 8 5 9
8 9 5 1 2 3 4 7 6
4 6 7 8 9 5 1 3 2
2 3 1 6 7 4 9 8 5
6 7 4 9 5 8 2 1 3
9 5 8 2 3 1 6 4 7

5 8 9 3 1 2 7 6 4
3 1 2 7 4 6 5 9 8
7 4 6 5 8 9 3 2 1
1 2 3 4 6 7 8 5 9
8 9 5 1 2 3 4 7 6
4 6 7 8 9 5 1 3 2
6 7 4 9 5 8 2 1 3
9 5 8 2 3 1 6 4 7
2 3 1 6 7 4 9 8 5

5 8 9 3 1 2 7 6 4
3 1 2 7 4 6 5 9 8
7 4 6 5 8 9 3 2 1
1 2 3 4 6 7 8 5 9
8 9 5 1 2 3 4 7 6
4 6 7 8 9 5 1 3 2
6 7 4 9 5 8 2 1 3
2 3 1 6 7 4 9 8 5
9 5 8 2 3 1 6 4 7

5 8 9 3 1 2 7 6 4
3 1 2 7 4 6 5 9 8
7 4 6 5 8 9 3 2 1
1 2 3 4 6 7 8 5 9
4 6 7 8 9 5 1 3 2
8 9 5 1 2 3 4 7 6
9 5 8 2 3 1 6 4 7
2 3 1 6 7 4 9 8 5
6 7 4 9 5 8 2 1 3

5 8 9 3 1 2 7 6 4
3 1 2 7 4 6 5 9 8
7 4 6 5 8 9 3 2 1
1 2 3 4 6 7 8 5 9
4 6 7 8 9 5 1 3 2
8 9 5 1 2 3 4 7 6
9 5 8 2 3 1 6 4 7
6 7 4 9 5 8 2 1 3
2 3 1 6 7 4 9 8 5

5 8 9 3 1 2 7 6 4
3 1 2 7 4 6 5 9 8
7 4 6 5 8 9 3 2 1
1 2 3 4 6 7 8 5 9
4 6 7 8 9 5 1 3 2
8 9 5 1 2 3 4 7 6
2 3 1 6 7 4 9 8 5
9 5 8 2 3 1 6 4 7
6 7 4 9 5 8 2 1 3

5 8 9 3 1 2 7 6 4
3 1 2 7 4 6 5 9 8
7 4 6 5 8 9 3 2 1
1 2 3 4 6 7 8 5 9
4 6 7 8 9 5 1 3 2
8 9 5 1 2 3 4 7 6
2 3 1 6 7 4 9 8 5
6 7 4 9 5 8 2 1 3
9 5 8 2 3 1 6 4 7

5 8 9 3 1 2 7 6 4
3 1 2 7 4 6 5 9 8
7 4 6 5 8 9 3 2 1
1 2 3 4 6 7 8 5 9
4 6 7 8 9 5 1 3 2
8 9 5 1 2 3 4 7 6
6 7 4 9 5 8 2 1 3
9 5 8 2 3 1 6 4 7
2 3 1 6 7 4 9 8 5

5 8 9 3 1 2 7 6 4
3 1 2 7 4 6 5 9 8
7 4 6 5 8 9 3 2 1
1 2 3 4 6 7 8 5 9
4 6 7 8 9 5 1 3 2
8 9 5 1 2 3 4 7 6
6 7 4 9 5 8 2 1 3
2 3 1 6 7 4 9 8 5
9 5 8 2 3 1 6 4 7

5 8 9 3 1 2 7 6 4
3 1 2 7 4 6 5 9 8
7 4 6 5 8 9 3 2 1
4 6 7 8 9 5 1 3 2
8 9 5 1 2 3 4 7 6
1 2 3 4 6 7 8 5 9
9 5 8 2 3 1 6 4 7
2 3 1 6 7 4 9 8 5
6 7 4 9 5 8 2 1 3

5 8 9 3 1 2 7 6 4
3 1 2 7 4 6 5 9 8
7 4 6 5 8 9 3 2 1
4 6 7 8 9 5 1 3 2
8 9 5 1 2 3 4 7 6
1 2 3 4 6 7 8 5 9
9 5 8 2 3 1 6 4 7
6 7 4 9 5 8 2 1 3
2 3 1 6 7 4 9 8 5

5 8 9 3 1 2 7 6 4
3 1 2 7 4 6 5 9 8
7 4 6 5 8 9 3 2 1
4 6 7 8 9 5 1 3 2
8 9 5 1 2 3 4 7 6
1 2 3 4 6 7 8 5 9
2 3 1 6 7 4 9 8 5
9 5 8 2 3 1 6 4 7
6 7 4 9 5 8 2 1 3

5 8 9 3 1 2 7 6 4
3 1 2 7 4 6 5 9 8
7 4 6 5 8 9 3 2 1
4 6 7 8 9 5 1 3 2
8 9 5 1 2 3 4 7 6
1 2 3 4 6 7 8 5 9
2 3 1 6 7 4 9 8 5
6 7 4 9 5 8 2 1 3
9 5 8 2 3 1 6 4 7